[    0.66876]
[    0.42977     0.68238           0     0.59282]
[    0.82544     0.75541           0           0]
[    0.40339     0.47338     0.44013]
[     0.5265     0.80302           0           0           0     0.62416]
[     0.8545     0.77217     0.61998           0           0]
[    0.52679     0.57696     0.30569           0           0     0.26464           0           0]
[     0.6623           0           0           0           0           0           0           0           0           0           0           0]
[    0.46912           0]
[    0.44649     0.28661     0.51041     0.46254           0     0.25857           0   0.0039769]
[    0.48674           0           0           0]
[    0.73363     0.74523           0           0]
[          0     0.20929           0     0.14041           0]
[    0.70974           0           0           0]
[    0.37724           0           0           0           0]
[    0.87867]
[    0.66533     0.76477     0.46366]
[    0.70042      0.5055     0.43139]
[    0.52934           0      0.5409           0           0]
[    0.74967     0.66267]
[    0.90553]
[    0.58736      0.4274      0.4365     0.15191     0.66272]
[    0.79535           0     0.51846]
[    0.61879     0.54414     0.55585           0           0]
[          0           0     0.68745           0]
[    0.93848     0.50445     0.66443           0]
[    0.40834     0.57048]
[     0.5822     0.65545           0     0.61371           0]
[    0.67911]
[    0.47601]
[     0.4176     0.25123     0.34538     0.26276]
[    0.67739           0           0           0           0           0]
[    0.57956           0           0           0           0           0           0           0]
[    0.89848           0    0.026397     0.72725]
[    0.51601      0.8142           0]
[    0.88751           0           0           0           0]
[    0.80414     0.73112           0]
[    0.58241     0.63192     0.43518     0.41713]
[    0.65232     0.65555     0.32169]
[    0.93774     0.81793     0.21262     0.14537      0.4539]
[    0.65288     0.40058      0.6654           0           0           0     0.32135           0]
[    0.58788           0           0           0]
[    0.69955           0           0]
[    0.77268           0]
[    0.59926     0.46951           0       0.225     0.26473]
[    0.48826           0           0           0]
[     0.8425    0.016078           0           0]
[    0.50737     0.37804           0     0.26818]
[    0.93469           0           0           0           0           0]
[     0.4258]
[    0.37867     0.24911      0.4041           0]
[    0.58465           0           0     0.31276           0]
[      0.507           0           0           0]
[    0.45775      0.2461      0.3941     0.49506           0           0     0.37868           0           0]
[    0.72157      0.4927     0.28772           0    0.035158     0.36895]
[    0.84611           0]
[    0.79829     0.65629     0.66979     0.61399     0.80734]
[    0.71825           0           0]
[    0.74089           0           0           0           0]
[      0.334     0.37851     0.28895]
[     0.7223     0.69783           0]
[    0.73115     0.68445     0.60005]
[    0.58862     0.22388]
[    0.86367     0.80235           0           0]
[    0.61925     0.87306]
[     0.1827     0.24933     0.40049]
[    0.55017           0           0           0]
[    0.45703           0           0]
[    0.47327     0.52636           0           0           0           0           0]
[    0.57593     0.35041           0]
[     0.7633           0]
[    0.41989     0.22146     0.18144     0.38769     0.49558           0]
[    0.82139           0           0     0.80863]
[    0.68531]
[    0.64115           0]
[    0.86846     0.74764           0           0           0]
[    0.89163     0.84446     0.49193           0           0]
[    0.61324           0           0     0.60454]
[    0.35845]
