[          1]
[          1]
[          1]
[          1]
[          1]
[          1]
[          1]
[          1]
[          1]
[        0.9]
[    0.90909]
[    0.91667]
[    0.92308]
[    0.92857]
[    0.93333]
[     0.9375]
[    0.94118]
[    0.94444]
[    0.94737]
[        0.9]
[    0.90476]
[    0.90909]
[    0.86957]
[    0.83333]
[       0.84]
[    0.84615]
[    0.85185]
[    0.85714]
[    0.86207]
[    0.83333]
[    0.83871]
[    0.84375]
[    0.84848]
[    0.85294]
[    0.85714]
[    0.86111]
[    0.83784]
[    0.84211]
[    0.84615]
[       0.85]
[    0.85366]
[    0.83333]
[    0.83721]
[    0.84091]
[    0.84444]
[    0.82609]
[    0.82979]
[    0.83333]
[    0.81633]
[       0.82]
[    0.82353]
[    0.80769]
[    0.81132]
[    0.81481]
[    0.81818]
[    0.82143]
[    0.82456]
[    0.82759]
[    0.81356]
[    0.81667]
[    0.81967]
[    0.82258]
[     0.8254]
[    0.82812]
[    0.83077]
[    0.81818]
[    0.80597]
[    0.79412]
[    0.78261]
[    0.77143]
[    0.76056]
[       0.75]
[    0.75342]
[    0.74324]
[    0.74667]
[    0.73684]
[    0.72727]
[    0.71795]
[    0.70886]
[     0.7125]
[    0.71605]
[    0.71951]
[    0.72289]
[    0.72619]
[    0.71765]
[    0.72093]
[    0.71264]
[    0.70455]
[    0.69663]
[        0.7]
[     0.7033]
[    0.70652]
[    0.70968]
[    0.71277]
[    0.70526]
[    0.70833]
[    0.71134]
[    0.70408]
[    0.69697]
[       0.69]
[    0.68317]
[    0.67647]
[    0.67961]
[    0.68269]
[    0.67619]
[    0.66981]
[     0.6729]
[    0.66667]
[    0.66055]
[    0.66364]
[    0.66667]
[    0.66964]
[    0.67257]
[    0.66667]
[    0.66087]
[    0.65517]
[    0.64957]
[    0.65254]
[    0.64706]
[    0.64167]
[    0.64463]
[    0.63934]
[    0.63415]
[    0.62903]
[      0.624]
[    0.61905]
[    0.61417]
[    0.60938]
[    0.60465]
[        0.6]
[    0.59542]
[    0.59091]
[    0.58647]
[    0.58209]
[    0.57778]
[    0.57353]
[    0.56934]
[    0.56522]
[    0.56115]
[    0.55714]
[    0.55319]
[     0.5493]
[    0.54545]
[    0.54167]
[    0.53793]
[    0.53425]
[    0.53061]
[    0.52703]
[    0.52349]
[       0.52]
[    0.51656]
[    0.51316]
[     0.5098]
[    0.50649]
[    0.50323]
[        0.5]
[    0.49682]
[    0.49367]
[    0.49057]
[     0.4875]
[    0.48447]
[    0.48148]
[    0.47853]
[    0.47561]
[    0.47273]
[    0.46988]
[    0.46707]
[    0.46429]
[    0.46154]
[    0.45882]
[    0.45614]
[    0.45349]
[    0.45087]
[    0.44828]
[    0.44571]
[    0.44318]
[    0.44068]
[     0.4382]
[    0.43575]
[    0.43333]
[    0.43094]
[    0.42857]
[    0.42623]
[    0.42391]
[    0.42162]
[    0.41935]
[    0.41711]
[    0.41489]
[     0.4127]
[    0.41053]
[    0.40838]
[    0.40625]
[    0.40415]
[    0.40206]
[        0.4]
[    0.39796]
[    0.39594]
[    0.39394]
[    0.39196]
[       0.39]
[    0.38806]
[    0.38614]
[    0.38424]
[    0.38235]
[    0.38049]
[    0.37864]
[    0.37681]
[      0.375]
[    0.37321]
[    0.37143]
[    0.36967]
[    0.36792]
[     0.3662]
[    0.36449]
[    0.36279]
[    0.36111]
[    0.35945]
[     0.3578]
[    0.35616]
[    0.35455]
[    0.35294]
[    0.35135]
[    0.34978]
[    0.34821]
[    0.34667]
[    0.34513]
[    0.34361]
[    0.34211]
[    0.34061]
[    0.33913]
[    0.33766]
[    0.33621]
[    0.33476]
[    0.33333]
[    0.33191]
[    0.33051]
[    0.32911]
[    0.32773]
[    0.33054]
[    0.32917]
[     0.3278]
[    0.32645]
[     0.3251]
[    0.32377]
[    0.32245]
[    0.32114]
[    0.31984]
[    0.31855]
[    0.31727]
[      0.316]
[    0.31474]
[    0.31349]
[    0.31225]
[    0.31102]
[     0.3098]
[    0.30859]
[    0.30739]
[     0.3062]
[    0.30502]
[    0.30385]
[    0.30268]
[    0.30153]
[    0.30038]
[    0.29924]
[    0.29811]
[    0.29699]
[    0.29963]
[    0.29851]
[     0.2974]
[     0.2963]
[     0.2952]
[    0.29412]
[    0.29304]
[    0.29197]
[    0.29091]
[    0.28986]
[    0.28881]
[    0.28777]
[    0.28674]
[    0.28571]
[     0.2847]
[    0.28369]
[    0.28269]
[    0.28169]
[     0.2807]
[    0.27972]
[    0.27875]
[    0.27778]
[    0.27682]
[    0.27586]
[    0.27491]
[    0.27397]
[    0.27304]
[    0.27211]
[    0.27119]
[    0.27027]
[    0.26936]
[    0.26846]
[    0.26756]
[    0.26667]
[    0.26578]
[     0.2649]
[    0.26403]
[    0.26316]
[     0.2623]
[    0.26144]
[    0.26059]
[    0.25974]
[     0.2589]
[    0.25806]
[    0.25723]
[    0.25641]
[    0.25559]
[    0.25478]
[    0.25397]
[    0.25316]
[    0.25237]
[    0.25157]
[    0.25078]
[       0.25]
[    0.24922]
[    0.24845]
[    0.24768]
[    0.24691]
[    0.24615]
[     0.2454]
[    0.24465]
[     0.2439]
[    0.24316]
[    0.24242]
[    0.24169]
[    0.24096]
[    0.24024]
[    0.23952]
[    0.23881]
[     0.2381]
[    0.23739]
[    0.23669]
[    0.23599]
[    0.23529]
[     0.2346]
[    0.23392]
[    0.23324]
[    0.23256]
[    0.23188]
[    0.23121]
[    0.23055]
[    0.22989]
[    0.22923]
[    0.22857]
[    0.22792]
[    0.22727]
[    0.22663]
[    0.22599]
[    0.22535]
[    0.22472]
[    0.22409]
[    0.22346]
[    0.22284]
[    0.22222]
[    0.22161]
[    0.22099]
[    0.22039]
[    0.21978]
[    0.21918]
[    0.21858]
[    0.21798]
[    0.21739]
[     0.2168]
[    0.21622]
[    0.21563]
[    0.21505]
[    0.21448]
[     0.2139]
[    0.21333]
[    0.21277]
[     0.2122]
[    0.21164]
[    0.21108]
[    0.21053]
[    0.20997]
[    0.20942]
[    0.20888]
[    0.20833]
[    0.20779]
[    0.20725]
[    0.20672]
[    0.20619]
[    0.20566]
[    0.20513]
[     0.2046]
[    0.20408]
[    0.20356]
[    0.20305]
[    0.20253]
[    0.20202]
[    0.20151]
[    0.20101]
[     0.2005]
[        0.2]
[     0.1995]
[      0.199]
[    0.19851]
[    0.19802]
[    0.19753]
[    0.19704]
[    0.19656]
[    0.19608]
[     0.1956]
