[  0.0080645]
[   0.016129]
[   0.024194]
[   0.032258]
[   0.040323]
[   0.048387]
[   0.056452]
[   0.064516]
[   0.072581]
[   0.072581]
[   0.080645]
[    0.08871]
[   0.096774]
[    0.10484]
[     0.1129]
[    0.12097]
[    0.12903]
[     0.1371]
[    0.14516]
[    0.14516]
[    0.15323]
[    0.16129]
[    0.16129]
[    0.16129]
[    0.16935]
[    0.17742]
[    0.18548]
[    0.19355]
[    0.20161]
[    0.20161]
[    0.20968]
[    0.21774]
[    0.22581]
[    0.23387]
[    0.24194]
[       0.25]
[       0.25]
[    0.25806]
[    0.26613]
[    0.27419]
[    0.28226]
[    0.28226]
[    0.29032]
[    0.29839]
[    0.30645]
[    0.30645]
[    0.31452]
[    0.32258]
[    0.32258]
[    0.33065]
[    0.33871]
[    0.33871]
[    0.34677]
[    0.35484]
[     0.3629]
[    0.37097]
[    0.37903]
[     0.3871]
[     0.3871]
[    0.39516]
[    0.40323]
[    0.41129]
[    0.41935]
[    0.42742]
[    0.43548]
[    0.43548]
[    0.43548]
[    0.43548]
[    0.43548]
[    0.43548]
[    0.43548]
[    0.43548]
[    0.44355]
[    0.44355]
[    0.45161]
[    0.45161]
[    0.45161]
[    0.45161]
[    0.45161]
[    0.45968]
[    0.46774]
[    0.47581]
[    0.48387]
[    0.49194]
[    0.49194]
[        0.5]
[        0.5]
[        0.5]
[        0.5]
[    0.50806]
[    0.51613]
[    0.52419]
[    0.53226]
[    0.54032]
[    0.54032]
[    0.54839]
[    0.55645]
[    0.55645]
[    0.55645]
[    0.55645]
[    0.55645]
[    0.55645]
[    0.56452]
[    0.57258]
[    0.57258]
[    0.57258]
[    0.58065]
[    0.58065]
[    0.58065]
[    0.58871]
[    0.59677]
[    0.60484]
[     0.6129]
[     0.6129]
[     0.6129]
[     0.6129]
[     0.6129]
[    0.62097]
[    0.62097]
[    0.62097]
[    0.62903]
[    0.62903]
[    0.62903]
[    0.62903]
[    0.62903]
[    0.62903]
[    0.62903]
[    0.62903]
[    0.62903]
[    0.62903]
[    0.62903]
[    0.62903]
[    0.62903]
[    0.62903]
[    0.62903]
[    0.62903]
[    0.62903]
[    0.62903]
[    0.62903]
[    0.62903]
[    0.62903]
[    0.62903]
[    0.62903]
[    0.62903]
[    0.62903]
[    0.62903]
[    0.62903]
[    0.62903]
[    0.62903]
[    0.62903]
[    0.62903]
[    0.62903]
[    0.62903]
[    0.62903]
[    0.62903]
[    0.62903]
[    0.62903]
[    0.62903]
[    0.62903]
[    0.62903]
[    0.62903]
[    0.62903]
[    0.62903]
[    0.62903]
[    0.62903]
[    0.62903]
[    0.62903]
[    0.62903]
[    0.62903]
[    0.62903]
[    0.62903]
[    0.62903]
[    0.62903]
[    0.62903]
[    0.62903]
[    0.62903]
[    0.62903]
[    0.62903]
[    0.62903]
[    0.62903]
[    0.62903]
[    0.62903]
[    0.62903]
[    0.62903]
[    0.62903]
[    0.62903]
[    0.62903]
[    0.62903]
[    0.62903]
[    0.62903]
[    0.62903]
[    0.62903]
[    0.62903]
[    0.62903]
[    0.62903]
[    0.62903]
[    0.62903]
[    0.62903]
[    0.62903]
[    0.62903]
[    0.62903]
[    0.62903]
[    0.62903]
[    0.62903]
[    0.62903]
[    0.62903]
[    0.62903]
[    0.62903]
[    0.62903]
[    0.62903]
[    0.62903]
[    0.62903]
[    0.62903]
[    0.62903]
[    0.62903]
[    0.62903]
[    0.62903]
[    0.62903]
[    0.62903]
[    0.62903]
[    0.62903]
[    0.62903]
[    0.62903]
[    0.62903]
[    0.62903]
[    0.62903]
[    0.62903]
[    0.62903]
[    0.62903]
[    0.62903]
[    0.62903]
[    0.62903]
[    0.62903]
[    0.62903]
[    0.62903]
[    0.62903]
[    0.62903]
[    0.62903]
[     0.6371]
[     0.6371]
[     0.6371]
[     0.6371]
[     0.6371]
[     0.6371]
[     0.6371]
[     0.6371]
[     0.6371]
[     0.6371]
[     0.6371]
[     0.6371]
[     0.6371]
[     0.6371]
[     0.6371]
[     0.6371]
[     0.6371]
[     0.6371]
[     0.6371]
[     0.6371]
[     0.6371]
[     0.6371]
[     0.6371]
[     0.6371]
[     0.6371]
[     0.6371]
[     0.6371]
[     0.6371]
[    0.64516]
[    0.64516]
[    0.64516]
[    0.64516]
[    0.64516]
[    0.64516]
[    0.64516]
[    0.64516]
[    0.64516]
[    0.64516]
[    0.64516]
[    0.64516]
[    0.64516]
[    0.64516]
[    0.64516]
[    0.64516]
[    0.64516]
[    0.64516]
[    0.64516]
[    0.64516]
[    0.64516]
[    0.64516]
[    0.64516]
[    0.64516]
[    0.64516]
[    0.64516]
[    0.64516]
[    0.64516]
[    0.64516]
[    0.64516]
[    0.64516]
[    0.64516]
[    0.64516]
[    0.64516]
[    0.64516]
[    0.64516]
[    0.64516]
[    0.64516]
[    0.64516]
[    0.64516]
[    0.64516]
[    0.64516]
[    0.64516]
[    0.64516]
[    0.64516]
[    0.64516]
[    0.64516]
[    0.64516]
[    0.64516]
[    0.64516]
[    0.64516]
[    0.64516]
[    0.64516]
[    0.64516]
[    0.64516]
[    0.64516]
[    0.64516]
[    0.64516]
[    0.64516]
[    0.64516]
[    0.64516]
[    0.64516]
[    0.64516]
[    0.64516]
[    0.64516]
[    0.64516]
[    0.64516]
[    0.64516]
[    0.64516]
[    0.64516]
[    0.64516]
[    0.64516]
[    0.64516]
[    0.64516]
[    0.64516]
[    0.64516]
[    0.64516]
[    0.64516]
[    0.64516]
[    0.64516]
[    0.64516]
[    0.64516]
[    0.64516]
[    0.64516]
[    0.64516]
[    0.64516]
[    0.64516]
[    0.64516]
[    0.64516]
[    0.64516]
[    0.64516]
[    0.64516]
[    0.64516]
[    0.64516]
[    0.64516]
[    0.64516]
[    0.64516]
[    0.64516]
[    0.64516]
[    0.64516]
[    0.64516]
[    0.64516]
[    0.64516]
[    0.64516]
[    0.64516]
[    0.64516]
[    0.64516]
[    0.64516]
[    0.64516]
[    0.64516]
[    0.64516]
[    0.64516]
[    0.64516]
[    0.64516]
[    0.64516]
[    0.64516]
[    0.64516]
[    0.64516]
[    0.64516]
[    0.64516]
[    0.64516]
[    0.64516]
[    0.64516]
[    0.64516]
[    0.64516]
[    0.64516]
[    0.64516]
[    0.64516]
[    0.64516]
[    0.64516]
[    0.64516]
[    0.64516]
[    0.64516]
[    0.64516]
[    0.64516]
[    0.64516]
[    0.64516]
[    0.64516]
[    0.64516]
[    0.64516]
[    0.64516]
[    0.64516]
[    0.64516]
