[    0.72724]
[          0     0.45186     0.39433     0.83722           0           0           0]
[          0]
[    0.61264           0           0           0]
[     0.7631           0           0           0]
[    0.29597           0]
[    0.80569      0.5238     0.61567     0.91544     0.68843     0.10057           0           0]
[     0.7724     0.76606]
[    0.73249]
[    0.54314           0           0           0           0           0]
[          0     0.65964           0           0           0     0.51468           0]
[    0.79826           0           0]
[    0.70786    0.041322           0]
[    0.40241]
[    0.80581           0           0           0           0]
[    0.72147     0.60205     0.54054]
[    0.56589     0.77988     0.77229           0     0.58245           0]
[    0.32831           0]
[    0.80631           0           0]
[    0.32354     0.68379           0           0     0.36301]
[    0.53875     0.86782     0.42488     0.68579           0           0           0           0     0.72076]
[    0.80258           0           0           0]
[    0.46403     0.55232     0.48807     0.74596]
[    0.50737     0.31765           0     0.43535]
[    0.67876     0.56016           0     0.42845           0           0]
[    0.84403     0.69595           0           0  0.00065298     0.43283     0.34406]
[          0     0.48195           0           0     0.20407           0           0]
[    0.34715           0           0           0]
[    0.74992]
[    0.67218           0           0           0]
[    0.58769           0]
[    0.72806     0.83745     0.36589]
[     0.7801     0.65183     0.53168     0.36495]
[    0.85475      0.7499           0     0.43303           0]
[    0.76096     0.75039           0           0           0           0]
[          0     0.95922           0           0]
[    0.74189      0.5068]
[    0.68151     0.61319]
[    0.83589     0.70254     0.83558     0.54785     0.62268     0.46974]
[          0     0.57365     0.22839           0     0.52826           0           0]
[    0.61397           0           0]
[    0.85204           0           0]
[    0.62469           0           0           0     0.27968]
[    0.59341           0]
[    0.53901]
[     0.7411     0.74861     0.56077     0.49478           0           0]
[    0.83907           0     0.57662           0]
[    0.60389           0           0]
[   0.029709           0     0.25296]
[    0.79346     0.71405     0.79923     0.34156]
[    0.71657     0.85482     0.69478           0           0]
[    0.66068           0           0           0]
[    0.67254           0           0           0           0           0]
[    0.53184     0.67554           0           0]
[    0.75642     0.75914     0.57425     0.38545     0.34189]
[    0.80845     0.69921     0.47012           0           0]
[    0.51644           0           0           0           0           0]
[    0.77549           0]
[    0.72795     0.71992     0.71596     0.65425     0.63134           0           0           0           0           0      0.7521     0.60418]
[    0.49798           0     0.37368           0]
[    0.67719           0           0]
[    0.69036     0.63864      0.8382           0           0     0.61311           0]
[     0.5528           0           0           0]
[     0.1419     0.50219     0.22869           0           0]
[    0.86516]
[     0.7021           0     0.55821           0           0]
[    0.60706           0           0           0           0]
[    0.45524]
[          0     0.50361           0           0           0]
[    0.39679           0     0.41362           0]
[    0.65518           0    0.039071           0]
[    0.51224     0.53715     0.65557     0.42222     0.54919]
[    0.93885           0]
[    0.51919     0.52001]
[    0.77987           0]
[    0.56406           0           0]
[    0.85311           0]
[    0.56656     0.83876      0.5416]
[    0.57558     0.36329     0.33076     0.42119     0.44833     0.67313     0.60224     0.35416     0.45869           0           0     0.59777           0           0]
[    0.65385     0.92653     0.71377]
[    0.31629           0           0           0]
[    0.51488           0           0]
[    0.57822     0.76098    0.063012     0.70269           0           0           0           0]
[    0.84113     0.83293     0.16522           0           0]
[    0.42174           0     0.54816           0           0]
[    0.87632     0.74379           0           0]
[    0.59736     0.70508]
[    0.75281     0.40609           0]
[    0.54933     0.61254     0.83015     0.69298           0     0.51815     0.40351]
[     0.6084           0]
[    0.85759     0.87838     0.75121           0     0.42221           0]
[    0.85248     0.59466       0.791     0.85651           0     0.60188     0.77011           0           0     0.47727     0.81776           0]
[    0.44491     0.38515     0.78079     0.49417     0.35376           0           0           0]
[    0.71564      0.6793           0     0.78169]
[    0.72738           0           0]
[    0.67874     0.80779     0.59454           0     0.53068]
[    0.84367     0.79482     0.57275           0           0           0]
[    0.68036     0.61571     0.62669     0.59599]
[    0.70878     0.75064     0.82992           0           0     0.44751]
[    0.24043]
