[          1]
[          1]
[          1]
[          1]
[          1]
[          1]
[          1]
[          1]
[          1]
[          1]
[          1]
[          1]
[          1]
[          1]
[          1]
[          1]
[          1]
[          1]
[          1]
[          1]
[          1]
[          1]
[          1]
[          1]
[          1]
[          1]
[          1]
[          1]
[          1]
[          1]
[          1]
[          1]
[          1]
[          1]
[          1]
[          1]
[          1]
[          1]
[          1]
[          1]
[          1]
[          1]
[          1]
[          1]
[          1]
[          1]
[          1]
[          1]
[          1]
[       0.98]
[    0.98039]
[    0.98077]
[    0.98113]
[    0.98148]
[    0.98182]
[    0.98214]
[    0.98246]
[    0.98276]
[    0.98305]
[    0.98333]
[    0.98361]
[    0.98387]
[    0.98413]
[    0.96875]
[    0.96923]
[     0.9697]
[    0.97015]
[    0.97059]
[    0.97101]
[    0.97143]
[    0.95775]
[    0.94444]
[    0.93151]
[    0.93243]
[    0.93333]
[    0.93421]
[    0.92208]
[    0.92308]
[    0.92405]
[      0.925]
[    0.92593]
[    0.92683]
[    0.92771]
[    0.92857]
[    0.92941]
[     0.9186]
[    0.91954]
[    0.92045]
[    0.91011]
[        0.9]
[    0.89011]
[     0.8913]
[    0.89247]
[    0.89362]
[    0.89474]
[    0.88542]
[     0.8866]
[    0.88776]
[    0.88889]
[       0.89]
[    0.89109]
[    0.89216]
[     0.8932]
[    0.89423]
[    0.89524]
[    0.88679]
[    0.88785]
[    0.88889]
[    0.88073]
[    0.88182]
[    0.88288]
[    0.88393]
[    0.88496]
[    0.88596]
[    0.88696]
[    0.88793]
[    0.88034]
[    0.88136]
[    0.87395]
[    0.86667]
[    0.86777]
[    0.86885]
[    0.86992]
[    0.87097]
[      0.872]
[    0.87302]
[    0.87402]
[      0.875]
[    0.87597]
[    0.86923]
[     0.8626]
[    0.85606]
[    0.84962]
[    0.85075]
[    0.85185]
[    0.85294]
[    0.84672]
[    0.84058]
[    0.83453]
[    0.83571]
[    0.83688]
[    0.83803]
[    0.83916]
[    0.84028]
[    0.84138]
[    0.84247]
[    0.83673]
[    0.83784]
[    0.83893]
[       0.84]
[    0.84106]
[    0.84211]
[    0.84314]
[    0.84416]
[    0.83871]
[    0.83333]
[    0.83439]
[    0.82911]
[    0.83019]
[    0.83125]
[    0.82609]
[    0.82099]
[    0.82209]
[    0.81707]
[    0.81818]
[    0.81325]
[    0.80838]
[    0.80357]
[    0.79882]
[        0.8]
[    0.80117]
[    0.79651]
[    0.79191]
[     0.7931]
[    0.79429]
[    0.79545]
[    0.79096]
[    0.78652]
[    0.78771]
[    0.78889]
[    0.79006]
[    0.78571]
[    0.78142]
[    0.77717]
[    0.77297]
[    0.76882]
[    0.77005]
[    0.76596]
[     0.7619]
[    0.75789]
[    0.75393]
[    0.75521]
[     0.7513]
[    0.74742]
[    0.74359]
[     0.7449]
[    0.74112]
[    0.73737]
[    0.73367]
[       0.73]
[    0.72637]
[    0.72277]
[    0.71921]
[    0.71569]
[     0.7122]
[    0.70874]
[    0.71014]
[    0.70673]
[    0.70335]
[        0.7]
[    0.69668]
[     0.6934]
[    0.69014]
[    0.68692]
[    0.68372]
[    0.68056]
[    0.67742]
[    0.67431]
[    0.67123]
[    0.66818]
[    0.66516]
[    0.66216]
[    0.66368]
[    0.66071]
[    0.66222]
[    0.65929]
[    0.65639]
[    0.65789]
[    0.65502]
[    0.65217]
[    0.64935]
[    0.64655]
[    0.64378]
[    0.64103]
[     0.6383]
[    0.63559]
[    0.63713]
[    0.63445]
[     0.6318]
[    0.62917]
[    0.63071]
[     0.6281]
[    0.62551]
[    0.62295]
[    0.62041]
[    0.61789]
[    0.61538]
[     0.6129]
[    0.61044]
[      0.608]
[    0.60558]
[    0.60317]
[    0.60474]
[    0.60236]
[        0.6]
[    0.59766]
[    0.59533]
[    0.59302]
[    0.59073]
[    0.58846]
[    0.59004]
[    0.58779]
[    0.58555]
[    0.58333]
[    0.58113]
[    0.57895]
[    0.57678]
[    0.57463]
[    0.57249]
[    0.57037]
[    0.56827]
[    0.56618]
[    0.56777]
[    0.56569]
[    0.56364]
[    0.56159]
[    0.55957]
[    0.55755]
[    0.55556]
[    0.55357]
[     0.5516]
[    0.54965]
[     0.5477]
[    0.54577]
[    0.54386]
[    0.54196]
[    0.54007]
[    0.53819]
[    0.53633]
[    0.53448]
[    0.53265]
[    0.53082]
[    0.52901]
[    0.52721]
[    0.52542]
[    0.52365]
[    0.52189]
[    0.52013]
[    0.51839]
[    0.51667]
[    0.51495]
[    0.51325]
[    0.51155]
[    0.50987]
[     0.5082]
[    0.50654]
[    0.50489]
[    0.50325]
[    0.50162]
[        0.5]
[    0.49839]
[    0.49679]
[     0.4984]
[    0.49682]
[    0.49524]
[    0.49367]
[    0.49211]
[    0.49057]
[    0.48903]
[     0.4875]
[    0.48598]
[    0.48447]
[    0.48297]
[    0.48148]
[       0.48]
[    0.47853]
[    0.47706]
[    0.47561]
[     0.4772]
[    0.47576]
[    0.47432]
[     0.4759]
[    0.47447]
[    0.47305]
[    0.47164]
[    0.47024]
[    0.46884]
[    0.46746]
[    0.46608]
[    0.46471]
[    0.46334]
[    0.46199]
[    0.46064]
[     0.4593]
[    0.45797]
[    0.45665]
[    0.45533]
[    0.45402]
[    0.45272]
[    0.45143]
[    0.45014]
[    0.44886]
[    0.44759]
[    0.44633]
[    0.44507]
[    0.44382]
[    0.44258]
[    0.44134]
[    0.44011]
[    0.43889]
[    0.43767]
[    0.43646]
[    0.43526]
[    0.43407]
[    0.43288]
[    0.43169]
[    0.43052]
[    0.42935]
[    0.42818]
[    0.42703]
[    0.42588]
[    0.42473]
[    0.42359]
[    0.42246]
[    0.42133]
[    0.42021]
[     0.4191]
[    0.41799]
[    0.41689]
[    0.41842]
[    0.41732]
[    0.41623]
[    0.41514]
[    0.41406]
[    0.41299]
[    0.41192]
[    0.41085]
[    0.40979]
[    0.40874]
[    0.40769]
[    0.40665]
[    0.40561]
[    0.40458]
[    0.40355]
[    0.40253]
[    0.40152]
[     0.4005]
[     0.3995]
[     0.3985]
[     0.3975]
[    0.39651]
[    0.39552]
[    0.39454]
[    0.39356]
[    0.39259]
[    0.39163]
[    0.39066]
[    0.38971]
[    0.38875]
[     0.3878]
[    0.38686]
[    0.38592]
[    0.38499]
[    0.38406]
[    0.38313]
[    0.38221]
[    0.38129]
[    0.38038]
[    0.37947]
[    0.37857]
[    0.37767]
[    0.37678]
[    0.37589]
[      0.375]
[    0.37412]
[    0.37324]
[    0.37237]
[     0.3715]
[    0.37063]
[    0.36977]
