[          0]
[          0]
[          0]
[          0]
[          0]
[          0]
[          0]
[          0]
[          0]
[          0]
[          0]
[          0]
[  0.0052632]
[  0.0052632]
[  0.0052632]
[  0.0052632]
[  0.0052632]
[  0.0052632]
[  0.0052632]
[  0.0052632]
[  0.0052632]
[  0.0052632]
[   0.010526]
[   0.010526]
[   0.010526]
[   0.010526]
[   0.010526]
[   0.010526]
[   0.010526]
[   0.010526]
[   0.010526]
[   0.010526]
[   0.015789]
[   0.015789]
[   0.015789]
[   0.015789]
[   0.015789]
[   0.015789]
[   0.021053]
[   0.021053]
[   0.021053]
[   0.021053]
[   0.021053]
[   0.021053]
[   0.026316]
[   0.026316]
[   0.026316]
[   0.026316]
[   0.026316]
[   0.026316]
[   0.026316]
[   0.026316]
[   0.026316]
[   0.026316]
[   0.026316]
[   0.026316]
[   0.026316]
[   0.026316]
[   0.026316]
[   0.026316]
[   0.026316]
[   0.026316]
[   0.026316]
[   0.026316]
[   0.031579]
[   0.031579]
[   0.031579]
[   0.031579]
[   0.036842]
[   0.036842]
[   0.036842]
[   0.036842]
[   0.036842]
[   0.036842]
[   0.042105]
[   0.042105]
[   0.042105]
[   0.042105]
[   0.042105]
[   0.042105]
[   0.042105]
[   0.042105]
[   0.042105]
[   0.042105]
[   0.042105]
[   0.047368]
[   0.047368]
[   0.047368]
[   0.052632]
[   0.052632]
[   0.052632]
[   0.052632]
[   0.052632]
[   0.052632]
[   0.052632]
[   0.052632]
[   0.052632]
[   0.052632]
[   0.052632]
[   0.052632]
[   0.057895]
[   0.057895]
[   0.057895]
[   0.057895]
[   0.057895]
[   0.057895]
[   0.057895]
[   0.057895]
[   0.057895]
[   0.057895]
[   0.057895]
[   0.057895]
[   0.057895]
[   0.057895]
[   0.057895]
[   0.057895]
[   0.057895]
[   0.057895]
[   0.063158]
[   0.063158]
[   0.063158]
[   0.063158]
[   0.063158]
[   0.063158]
[   0.063158]
[   0.063158]
[   0.063158]
[   0.063158]
[   0.063158]
[   0.063158]
[   0.063158]
[   0.063158]
[   0.063158]
[   0.063158]
[   0.063158]
[   0.063158]
[   0.063158]
[   0.063158]
[   0.063158]
[   0.063158]
[   0.063158]
[   0.063158]
[   0.063158]
[   0.063158]
[   0.063158]
[   0.063158]
[   0.063158]
[   0.063158]
[   0.063158]
[   0.063158]
[   0.063158]
[   0.063158]
[   0.063158]
[   0.063158]
[   0.063158]
[   0.063158]
[   0.063158]
[   0.063158]
[   0.063158]
[   0.063158]
[   0.063158]
[   0.063158]
[   0.063158]
[   0.063158]
[   0.063158]
[   0.063158]
[   0.063158]
[   0.063158]
[   0.063158]
[   0.063158]
[   0.063158]
[   0.063158]
[   0.063158]
[   0.063158]
[   0.063158]
[   0.063158]
[   0.063158]
[   0.063158]
[   0.063158]
[   0.063158]
[   0.063158]
[   0.063158]
[   0.063158]
[   0.063158]
[   0.063158]
[   0.068421]
[   0.068421]
[   0.068421]
[   0.068421]
[   0.068421]
[   0.068421]
[   0.068421]
[   0.068421]
[   0.068421]
[   0.068421]
[   0.073684]
[   0.078947]
[   0.078947]
[   0.078947]
[   0.078947]
[   0.078947]
[   0.078947]
[   0.078947]
[   0.078947]
[   0.084211]
[   0.084211]
[   0.084211]
[   0.084211]
[   0.084211]
[   0.084211]
[   0.084211]
[   0.084211]
[   0.084211]
[   0.084211]
[   0.084211]
[   0.084211]
[   0.084211]
[   0.084211]
[   0.084211]
[   0.084211]
[   0.084211]
[   0.084211]
[   0.084211]
[   0.084211]
[   0.084211]
[   0.084211]
[   0.084211]
[   0.084211]
[   0.084211]
[   0.084211]
[   0.084211]
[   0.084211]
[   0.084211]
[   0.084211]
[   0.084211]
[   0.084211]
[   0.084211]
[   0.084211]
[   0.084211]
[   0.084211]
[   0.084211]
[   0.084211]
[   0.084211]
[   0.084211]
[   0.084211]
[   0.084211]
[   0.084211]
[   0.084211]
[   0.084211]
[   0.084211]
[   0.084211]
[   0.084211]
[   0.084211]
[   0.084211]
[   0.084211]
[   0.084211]
[   0.084211]
[   0.084211]
[   0.084211]
[   0.084211]
[   0.084211]
[   0.084211]
[   0.084211]
[   0.084211]
[   0.084211]
[   0.084211]
[   0.084211]
[   0.084211]
[   0.084211]
[   0.084211]
[   0.084211]
[   0.084211]
[   0.084211]
[   0.084211]
[   0.084211]
[   0.084211]
[   0.084211]
[   0.084211]
[   0.084211]
[   0.084211]
[   0.084211]
[   0.084211]
[   0.084211]
[   0.084211]
[   0.084211]
[   0.084211]
[   0.084211]
[   0.084211]
[   0.084211]
[   0.084211]
[   0.084211]
[   0.084211]
[   0.084211]
[   0.084211]
[   0.084211]
[   0.084211]
[   0.084211]
[   0.084211]
[   0.084211]
[   0.084211]
[   0.084211]
[   0.084211]
[   0.084211]
[   0.084211]
[   0.084211]
[   0.084211]
[   0.084211]
[   0.084211]
[   0.084211]
[   0.084211]
[   0.084211]
[   0.084211]
[   0.084211]
[   0.084211]
[   0.084211]
[   0.084211]
[   0.084211]
[   0.084211]
[   0.084211]
[   0.084211]
[   0.084211]
[   0.084211]
[   0.084211]
[   0.084211]
[   0.084211]
[   0.084211]
[   0.084211]
[   0.084211]
[   0.084211]
[   0.084211]
[   0.084211]
[   0.084211]
[   0.084211]
[   0.084211]
[   0.084211]
[   0.084211]
[   0.084211]
[   0.084211]
[   0.084211]
[   0.084211]
[   0.084211]
[   0.084211]
[   0.084211]
[   0.084211]
[   0.084211]
[   0.084211]
[   0.084211]
[   0.084211]
[   0.084211]
[   0.084211]
[   0.084211]
[   0.084211]
[   0.084211]
[   0.084211]
[   0.084211]
[   0.084211]
