[          0]
[          0]
[          0]
[          0           0           0           0]
[          0           0           0           0           0           0    0.044241           0           0           0           0           0           0]
[          0]
[          0]
[          0           0           0           0           0           0           0           0           0           0           0           0           0           0           0           0           0           0           0           0           0           0           0           0           0           0
           0           0           0           0           0           0           0           0           0           0           0           0           0           0           0           0           0           0           0           0           0           0           0           0]
[          0]
[          0           0]
[          0]
[          0           0]
[          0]
[          0           0           0           0           0           0           0           0           0           0           0]
[          0           0           0]
[          0]
[          0]
[          0           0]
[          0]
[          0]
[          0           0           0           0           0           0           0           0           0]
[          0]
[          0]
